F:\DeepLearning\keras-yolo3-master\data\capchars\images\1.png 0.06756756756756757,0.515625,0.10810810810810811,0.46875,24 0.32432432432432434,0.65625,0.13513513513513514,0.4375,29 0.5945945945945946,0.578125,0.16216216216216217,0.46875,26 0.8851351351351351,0.453125,0.20270270270270271,0.46875,17
F:\DeepLearning\keras-yolo3-master\data\capchars\images\10.png 0.10810810810810811,0.484375,0.1891891891891892,0.46875,7 0.31756756756756754,0.578125,0.14864864864864866,0.46875,26 0.5945945945945946,0.6875,0.13513513513513514,0.4375,30 0.8851351351351351,0.640625,0.20270270270270271,0.40625,17
F:\DeepLearning\keras-yolo3-master\data\capchars\images\100.png 0.07432432432432433,0.390625,0.12162162162162163,0.40625,26 0.31756756756756754,0.578125,0.14864864864864866,0.46875,25 0.6554054054054054,0.546875,0.28378378378378377,0.46875,20 0.8986486486486487,0.515625,0.17567567567567569,0.46875,6
F:\DeepLearning\keras-yolo3-master\data\capchars\images\101.png 0.10135135135135136,0.5,0.17567567567567569,0.5,21 0.34459459459459457,0.484375,0.20270270270270271,0.46875,1 0.6283783783783784,0.640625,0.22972972972972974,0.46875,9 0.8513513513513513,0.59375,0.16216216216216217,0.4375,8
F:\DeepLearning\keras-yolo3-master\data\capchars\images\102.png 0.12837837837837837,0.625,0.22972972972972974,0.5,11 0.35135135135135137,0.515625,0.21621621621621623,0.46875,19 0.5878378378378378,0.390625,0.14864864864864866,0.46875,29 0.8986486486486487,0.609375,0.20270270270270271,0.59375,14
F:\DeepLearning\keras-yolo3-master\data\capchars\images\103.png 0.12837837837837837,0.546875,0.22972972972972974,0.46875,20 0.31756756756756754,0.375,0.14864864864864866,0.4375,30 0.6216216216216216,0.453125,0.21621621621621623,0.46875,12 0.8986486486486487,0.5,0.20270270270270271,0.5625,14
F:\DeepLearning\keras-yolo3-master\data\capchars\images\104.png 0.08783783783783784,0.53125,0.14864864864864866,0.4375,18 0.3310810810810811,0.46875,0.20270270270270271,0.4375,5 0.6216216216216216,0.546875,0.21621621621621623,0.46875,18 0.8918918918918919,0.65625,0.21621621621621623,0.4375,9
F:\DeepLearning\keras-yolo3-master\data\capchars\images\105.png 0.06756756756756757,0.625,0.10810810810810811,0.4375,8 0.35135135135135137,0.515625,0.21621621621621623,0.46875,22 0.5878378378378378,0.609375,0.17567567567567569,0.46875,8 0.8918918918918919,0.625,0.21621621621621623,0.5625,14
F:\DeepLearning\keras-yolo3-master\data\capchars\images\106.png 0.0945945945945946,0.671875,0.16216216216216217,0.46875,12 0.35135135135135137,0.46875,0.21621621621621623,0.4375,18 0.6351351351351351,0.46875,0.21621621621621623,0.5625,14 0.8986486486486487,0.625,0.20270270270270271,0.4375,6
F:\DeepLearning\keras-yolo3-master\data\capchars\images\107.png 0.0945945945945946,0.46875,0.16216216216216217,0.4375,2 0.3310810810810811,0.515625,0.20270270270270271,0.46875,4 0.6148648648648649,0.484375,0.20270270270270271,0.46875,4 0.8851351351351351,0.578125,0.20270270270270271,0.46875,11
F:\DeepLearning\keras-yolo3-master\data\capchars\images\108.png 0.12162162162162163,0.390625,0.21621621621621623,0.46875,11 0.3310810810810811,0.421875,0.14864864864864866,0.46875,16 0.6081081081081081,0.53125,0.21621621621621623,0.4375,17 0.8851351351351351,0.46875,0.22972972972972974,0.4375,11
F:\DeepLearning\keras-yolo3-master\data\capchars\images\109.png 0.0945945945945946,0.59375,0.16216216216216217,0.4375,21 0.3310810810810811,0.59375,0.14864864864864866,0.4375,27 0.6148648648648649,0.59375,0.22972972972972974,0.4375,0 0.8783783783783784,0.390625,0.21621621621621623,0.46875,12
F:\DeepLearning\keras-yolo3-master\data\capchars\images\11.png 0.0945945945945946,0.46875,0.16216216216216217,0.4375,6 0.34459459459459457,0.671875,0.20270270270270271,0.46875,1 0.6351351351351351,0.421875,0.21621621621621623,0.46875,6 0.8918918918918919,0.53125,0.21621621621621623,0.4375,12
F:\DeepLearning\keras-yolo3-master\data\capchars\images\110.png 0.12837837837837837,0.546875,0.22972972972972974,0.46875,11 0.34459459459459457,0.59375,0.22972972972972974,0.4375,19 0.6081081081081081,0.453125,0.1891891891891892,0.46875,13 0.8716216216216216,0.640625,0.17567567567567569,0.46875,5
F:\DeepLearning\keras-yolo3-master\data\capchars\images\111.png 0.13513513513513514,0.453125,0.24324324324324326,0.46875,20 0.31756756756756754,0.484375,0.14864864864864866,0.40625,30 0.5945945945945946,0.515625,0.16216216216216217,0.46875,27 0.8783783783783784,0.53125,0.1891891891891892,0.4375,5
F:\DeepLearning\keras-yolo3-master\data\capchars\images\112.png 0.060810810810810814,0.65625,0.0945945945945946,0.4375,30 0.3716216216216216,0.375,0.28378378378378377,0.4375,11 0.6351351351351351,0.578125,0.24324324324324326,0.40625,9 0.8716216216216216,0.453125,0.17567567567567569,0.46875,5
F:\DeepLearning\keras-yolo3-master\data\capchars\images\113.png 0.34459459459459457,0.53125,0.20270270270270271,0.4375,3 0.6081081081081081,0.625,0.1891891891891892,0.4375,5 0.8716216216216216,0.390625,0.14864864864864866,0.46875,16 0.06756756756756757,0.65625,0.10810810810810811,0.4375,30
F:\DeepLearning\keras-yolo3-master\data\capchars\images\114.png 0.08108108108108109,0.375,0.13513513513513514,0.4375,4 0.31756756756756754,0.5,0.14864864864864866,0.4375,29 0.6216216216216216,0.453125,0.21621621621621623,0.46875,12 0.8581081081081081,0.453125,0.14864864864864866,0.46875,8
F:\DeepLearning\keras-yolo3-master\data\capchars\images\115.png 0.5878378378378378,0.546875,0.14864864864864866,0.46875,25 0.8716216216216216,0.53125,0.20270270270270271,0.4375,5 0.35135135135135137,0.609375,0.21621621621621623,0.46875,0 0.10135135135135136,0.625,0.17567567567567569,0.4375,19
F:\DeepLearning\keras-yolo3-master\data\capchars\images\116.png 0.08783783783783784,0.484375,0.14864864864864866,0.46875,23 0.35135135135135137,0.640625,0.24324324324324326,0.46875,21 0.5945945945945946,0.625,0.16216216216216217,0.4375,8 0.8513513513513513,0.578125,0.16216216216216217,0.46875,8
F:\DeepLearning\keras-yolo3-master\data\capchars\images\117.png 0.10810810810810811,0.578125,0.1891891891891892,0.46875,6 0.35135135135135137,0.453125,0.21621621621621623,0.46875,18 0.5945945945945946,0.625,0.16216216216216217,0.4375,29 0.8851351351351351,0.640625,0.20270270270270271,0.40625,17
F:\DeepLearning\keras-yolo3-master\data\capchars\images\118.png 0.0945945945945946,0.59375,0.16216216216216217,0.5,10 0.36486486486486486,0.46875,0.21621621621621623,0.5625,14 0.6081081081081081,0.421875,0.1891891891891892,0.46875,4 0.8851351351351351,0.40625,0.22972972972972974,0.4375,9
F:\DeepLearning\keras-yolo3-master\data\capchars\images\119.png 0.06756756756756757,0.390625,0.10810810810810811,0.46875,25 0.34459459459459457,0.5625,0.20270270270270271,0.4375,10 0.5878378378378378,0.484375,0.14864864864864866,0.46875,25 0.8783783783783784,0.46875,0.1891891891891892,0.4375,17
F:\DeepLearning\keras-yolo3-master\data\capchars\images\12.png 0.10135135135135136,0.390625,0.17567567567567569,0.46875,15 0.35135135135135137,0.578125,0.21621621621621623,0.46875,12 0.6554054054054054,0.5,0.3108108108108108,0.4375,20 0.8918918918918919,0.453125,0.21621621621621623,0.46875,12
F:\DeepLearning\keras-yolo3-master\data\capchars\images\120.png 0.10810810810810811,0.625,0.1891891891891892,0.5,9 0.3783783783783784,0.671875,0.2972972972972973,0.46875,11 0.6351351351351351,0.5625,0.24324324324324326,0.4375,7 0.8986486486486487,0.59375,0.20270270270270271,0.5625,14
F:\DeepLearning\keras-yolo3-master\data\capchars\images\121.png 0.06756756756756757,0.625,0.10810810810810811,0.5,8 0.33783783783783783,0.453125,0.1891891891891892,0.46875,17 0.6081081081081081,0.625,0.1891891891891892,0.4375,13 0.8918918918918919,0.453125,0.21621621621621623,0.46875,9
F:\DeepLearning\keras-yolo3-master\data\capchars\images\122.png 0.08783783783783784,0.53125,0.14864864864864866,0.5,23 0.35135135135135137,0.546875,0.21621621621621623,0.46875,19 0.5945945945945946,0.453125,0.16216216216216217,0.46875,27 0.8986486486486487,0.53125,0.20270270270270271,0.4375,6
F:\DeepLearning\keras-yolo3-master\data\capchars\images\123.png 0.08783783783783784,0.453125,0.14864864864864866,0.46875,1 0.32432432432432434,0.40625,0.16216216216216217,0.4375,30 0.6216216216216216,0.515625,0.24324324324324326,0.46875,9 0.8986486486486487,0.4375,0.20270270270270271,0.4375,6
F:\DeepLearning\keras-yolo3-master\data\capchars\images\124.png 0.12837837837837837,0.65625,0.22972972972972974,0.4375,11 0.3783783783783784,0.640625,0.2972972972972973,0.46875,11 0.6148648648648649,0.609375,0.20270270270270271,0.46875,23 0.8918918918918919,0.65625,0.21621621621621623,0.4375,7
F:\DeepLearning\keras-yolo3-master\data\capchars\images\125.png 0.0945945945945946,0.484375,0.16216216216216217,0.46875,0 0.32432432432432434,0.65625,0.16216216216216217,0.4375,28 0.6148648648648649,0.671875,0.22972972972972974,0.46875,12 0.8851351351351351,0.5625,0.22972972972972974,0.4375,12
F:\DeepLearning\keras-yolo3-master\data\capchars\images\126.png 0.08783783783783784,0.65625,0.14864864864864866,0.4375,10 0.3581081081081081,0.5625,0.22972972972972974,0.4375,9 0.5945945945945946,0.40625,0.16216216216216217,0.4375,26 0.8986486486486487,0.5,0.20270270270270271,0.4375,12
F:\DeepLearning\keras-yolo3-master\data\capchars\images\127.png 0.10135135135135136,0.5625,0.17567567567567569,0.4375,19 0.38513513513513514,0.484375,0.3108108108108108,0.46875,20 0.5945945945945946,0.46875,0.16216216216216217,0.4375,8 0.8851351351351351,0.375,0.22972972972972974,0.4375,12
F:\DeepLearning\keras-yolo3-master\data\capchars\images\128.png 0.08783783783783784,0.5,0.14864864864864866,0.5,4 0.35135135135135137,0.578125,0.21621621621621623,0.46875,22 0.6216216216216216,0.609375,0.21621621621621623,0.46875,22 0.8918918918918919,0.46875,0.21621621621621623,0.4375,9
F:\DeepLearning\keras-yolo3-master\data\capchars\images\129.png 0.0945945945945946,0.59375,0.16216216216216217,0.4375,18 0.34459459459459457,0.421875,0.22972972972972974,0.46875,18 0.6554054054054054,0.625,0.28378378378378377,0.4375,11 0.8918918918918919,0.53125,0.21621621621621623,0.4375,18
F:\DeepLearning\keras-yolo3-master\data\capchars\images\13.png 0.060810810810810814,0.609375,0.0945945945945946,0.46875,24 0.31756756756756754,0.484375,0.14864864864864866,0.46875,24 0.6216216216216216,0.578125,0.21621621621621623,0.46875,2 0.8851351351351351,0.671875,0.22972972972972974,0.46875,12
F:\DeepLearning\keras-yolo3-master\data\capchars\images\130.png 0.06756756756756757,0.46875,0.10810810810810811,0.4375,27 0.32432432432432434,0.625,0.16216216216216217,0.4375,30 0.581081081081081,0.390625,0.13513513513513514,0.46875,25 0.8851351351351351,0.453125,0.22972972972972974,0.40625,18
F:\DeepLearning\keras-yolo3-master\data\capchars\images\131.png 0.08783783783783784,0.609375,0.14864864864864866,0.46875,23 0.3581081081081081,0.546875,0.22972972972972974,0.46875,6 0.6351351351351351,0.5625,0.21621621621621623,0.5625,14 0.8918918918918919,0.546875,0.21621621621621623,0.46875,20
F:\DeepLearning\keras-yolo3-master\data\capchars\images\132.png 0.06756756756756757,0.5625,0.10810810810810811,0.4375,8 0.35135135135135137,0.609375,0.24324324324324326,0.46875,7 0.5945945945945946,0.59375,0.16216216216216217,0.4375,28 0.8783783783783784,0.625,0.1891891891891892,0.4375,17
F:\DeepLearning\keras-yolo3-master\data\capchars\images\133.png 0.08783783783783784,0.515625,0.14864864864864866,0.46875,23 0.32432432432432434,0.390625,0.16216216216216217,0.46875,8 0.6013513513513513,0.390625,0.20270270270270271,0.46875,10 0.8918918918918919,0.4375,0.21621621621621623,0.5625,14
F:\DeepLearning\keras-yolo3-master\data\capchars\images\134.png 0.10135135135135136,0.421875,0.17567567567567569,0.46875,7 0.33783783783783783,0.484375,0.21621621621621623,0.46875,10 0.6148648648648649,0.484375,0.20270270270270271,0.46875,23 0.8851351351351351,0.46875,0.22972972972972974,0.4375,11
F:\DeepLearning\keras-yolo3-master\data\capchars\images\135.png 0.08783783783783784,0.625,0.14864864864864866,0.4375,17 0.3581081081081081,0.390625,0.22972972972972974,0.46875,21 0.6283783783783784,0.578125,0.22972972972972974,0.46875,6 0.8918918918918919,0.390625,0.21621621621621623,0.46875,11
F:\DeepLearning\keras-yolo3-master\data\capchars\images\136.png 0.10810810810810811,0.4375,0.1891891891891892,0.5,6 0.3581081081081081,0.421875,0.25675675675675674,0.46875,7 0.5878378378378378,0.625,0.17567567567567569,0.4375,26 0.8648648648648649,0.609375,0.16216216216216217,0.46875,16
F:\DeepLearning\keras-yolo3-master\data\capchars\images\137.png 0.0945945945945946,0.375,0.16216216216216217,0.4375,22 0.35135135135135137,0.515625,0.24324324324324326,0.46875,9 0.6418918918918919,0.421875,0.22972972972972974,0.46875,9 0.8716216216216216,0.390625,0.17567567567567569,0.46875,13
F:\DeepLearning\keras-yolo3-master\data\capchars\images\138.png 0.12837837837837837,0.46875,0.22972972972972974,0.4375,11 0.31756756756756754,0.546875,0.14864864864864866,0.46875,26 0.5945945945945946,0.484375,0.16216216216216217,0.46875,29 0.8918918918918919,0.59375,0.21621621621621623,0.4375,19
F:\DeepLearning\keras-yolo3-master\data\capchars\images\139.png 0.10135135135135136,0.375,0.17567567567567569,0.5,21 0.36486486486486486,0.453125,0.2702702702702703,0.46875,7 0.6148648648648649,0.578125,0.22972972972972974,0.46875,12 0.8851351351351351,0.515625,0.22972972972972974,0.46875,19
F:\DeepLearning\keras-yolo3-master\data\capchars\images\14.png 0.06756756756756757,0.390625,0.10810810810810811,0.46875,8 0.38513513513513514,0.609375,0.3108108108108108,0.46875,20 0.6148648648648649,0.609375,0.20270270270270271,0.46875,23 0.8851351351351351,0.421875,0.22972972972972974,0.46875,21
F:\DeepLearning\keras-yolo3-master\data\capchars\images\140.png 0.060810810810810814,0.421875,0.0945945945945946,0.46875,25 0.35135135135135137,0.421875,0.21621621621621623,0.46875,2 0.6148648648648649,0.65625,0.22972972972972974,0.4375,18 0.8716216216216216,0.609375,0.20270270270270271,0.46875,10
F:\DeepLearning\keras-yolo3-master\data\capchars\images\141.png 0.10135135135135136,0.53125,0.17567567567567569,0.5,15 0.34459459459459457,0.4375,0.22972972972972974,0.4375,19 0.6351351351351351,0.421875,0.24324324324324326,0.46875,7 0.8648648648648649,0.515625,0.16216216216216217,0.46875,16
F:\DeepLearning\keras-yolo3-master\data\capchars\images\142.png 0.060810810810810814,0.40625,0.0945945945945946,0.5,24 0.35135135135135137,0.640625,0.24324324324324326,0.46875,0 0.6216216216216216,0.515625,0.24324324324324326,0.46875,21 0.8716216216216216,0.40625,0.17567567567567569,0.5,16
F:\DeepLearning\keras-yolo3-master\data\capchars\images\143.png 0.06756756756756757,0.65625,0.10810810810810811,0.5,8 0.33783783783783783,0.421875,0.21621621621621623,0.46875,1 0.6216216216216216,0.609375,0.21621621621621623,0.46875,3 0.8716216216216216,0.515625,0.20270270270270271,0.46875,13
F:\DeepLearning\keras-yolo3-master\data\capchars\images\144.png 0.0945945945945946,0.578125,0.16216216216216217,0.46875,18 0.3310810810810811,0.640625,0.20270270270270271,0.46875,13 0.6216216216216216,0.671875,0.21621621621621623,0.46875,17 0.8716216216216216,0.421875,0.20270270270270271,0.46875,13
F:\DeepLearning\keras-yolo3-master\data\capchars\images\145.png 0.08783783783783784,0.65625,0.14864864864864866,0.5,1 0.36486486486486486,0.484375,0.24324324324324326,0.46875,9 0.6351351351351351,0.421875,0.21621621621621623,0.46875,6 0.8918918918918919,0.484375,0.21621621621621623,0.46875,22
F:\DeepLearning\keras-yolo3-master\data\capchars\images\146.png 0.10135135135135136,0.640625,0.17567567567567569,0.46875,0 0.35135135135135137,0.578125,0.24324324324324326,0.46875,15 0.6013513513513513,0.484375,0.20270270270270271,0.46875,13 0.8783783783783784,0.390625,0.1891891891891892,0.46875,17
F:\DeepLearning\keras-yolo3-master\data\capchars\images\147.png 0.13513513513513514,0.453125,0.24324324324324326,0.46875,20 0.35135135135135137,0.59375,0.21621621621621623,0.4375,2 0.6216216216216216,0.546875,0.21621621621621623,0.46875,2 0.8918918918918919,0.59375,0.21621621621621623,0.4375,22
F:\DeepLearning\keras-yolo3-master\data\capchars\images\148.png 0.06756756756756757,0.484375,0.10810810810810811,0.46875,24 0.31756756756756754,0.546875,0.14864864864864866,0.46875,28 0.6283783783783784,0.671875,0.25675675675675674,0.46875,9 0.8918918918918919,0.71875,0.21621621621621623,0.5625,14
F:\DeepLearning\keras-yolo3-master\data\capchars\images\149.png 0.0945945945945946,0.375,0.16216216216216217,0.5,3 0.35135135135135137,0.453125,0.24324324324324326,0.46875,9 0.6216216216216216,0.421875,0.24324324324324326,0.46875,22 0.8918918918918919,0.640625,0.21621621621621623,0.59375,14
F:\DeepLearning\keras-yolo3-master\data\capchars\images\15.png 0.10810810810810811,0.65625,0.1891891891891892,0.5,6 0.31756756756756754,0.390625,0.17567567567567569,0.46875,26 0.581081081081081,0.390625,0.16216216216216217,0.46875,29 0.8648648648648649,0.609375,0.16216216216216217,0.46875,16
F:\DeepLearning\keras-yolo3-master\data\capchars\images\150.png 0.0945945945945946,0.375,0.16216216216216217,0.5,3 0.3310810810810811,0.609375,0.20270270270270271,0.46875,1 0.6148648648648649,0.484375,0.22972972972972974,0.46875,19 0.8513513513513513,0.515625,0.16216216216216217,0.46875,25
F:\DeepLearning\keras-yolo3-master\data\capchars\images\151.png 0.06756756756756757,0.421875,0.10810810810810811,0.46875,8 0.32432432432432434,0.578125,0.16216216216216217,0.46875,27 0.581081081081081,0.609375,0.16216216216216217,0.46875,25 0.8783783783783784,0.578125,0.21621621621621623,0.46875,17
F:\DeepLearning\keras-yolo3-master\data\capchars\images\152.png 0.31756756756756754,0.65625,0.14864864864864866,0.5,29 0.08783783783783784,0.65625,0.14864864864864866,0.5,23 0.5878378378378378,0.40625,0.17567567567567569,0.5,8 0.8648648648648649,0.671875,0.21621621621621623,0.46875,13
F:\DeepLearning\keras-yolo3-master\data\capchars\images\153.png 0.10810810810810811,0.453125,0.1891891891891892,0.46875,7 0.31756756756756754,0.515625,0.17567567567567569,0.46875,25 0.5878378378378378,0.421875,0.17567567567567569,0.46875,28 0.8851351351351351,0.40625,0.22972972972972974,0.4375,22
F:\DeepLearning\keras-yolo3-master\data\capchars\images\154.png 0.0945945945945946,0.421875,0.16216216216216217,0.46875,5 0.34459459459459457,0.625,0.22972972972972974,0.5,0 0.6081081081081081,0.515625,0.21621621621621623,0.46875,4 0.8783783783783784,0.640625,0.21621621621621623,0.46875,17
F:\DeepLearning\keras-yolo3-master\data\capchars\images\155.png 0.13513513513513514,0.65625,0.24324324324324326,0.4375,20 0.33783783783783783,0.390625,0.1891891891891892,0.46875,1 0.6013513513513513,0.59375,0.20270270270270271,0.4375,17 0.8918918918918919,0.4375,0.21621621621621623,0.5625,14
F:\DeepLearning\keras-yolo3-master\data\capchars\images\156.png 0.08783783783783784,0.4375,0.14864864864864866,0.5,4 0.32432432432432434,0.515625,0.16216216216216217,0.46875,29 0.6283783783783784,0.640625,0.22972972972972974,0.46875,7 0.8851351351351351,0.453125,0.20270270270270271,0.46875,23
F:\DeepLearning\keras-yolo3-master\data\capchars\images\157.png 0.10810810810810811,0.390625,0.1891891891891892,0.46875,19 0.32432432432432434,0.609375,0.16216216216216217,0.46875,30 0.6621621621621622,0.453125,0.2972972972972973,0.46875,20 0.8918918918918919,0.546875,0.21621621621621623,0.46875,20
F:\DeepLearning\keras-yolo3-master\data\capchars\images\158.png 0.07432432432432433,0.578125,0.12162162162162163,0.46875,29 0.38513513513513514,0.515625,0.28378378378378377,0.46875,11 0.6216216216216216,0.515625,0.21621621621621623,0.46875,3 0.8918918918918919,0.453125,0.21621621621621623,0.46875,20
F:\DeepLearning\keras-yolo3-master\data\capchars\images\159.png 0.10810810810810811,0.484375,0.1891891891891892,0.46875,7 0.3581081081081081,0.421875,0.22972972972972974,0.46875,22 0.6013513513513513,0.578125,0.14864864864864866,0.46875,16 0.8918918918918919,0.671875,0.21621621621621623,0.46875,20
F:\DeepLearning\keras-yolo3-master\data\capchars\images\16.png 0.8581081081081081,0.65625,0.14864864864864866,0.4375,25 0.6283783783783784,0.421875,0.22972972972972974,0.46875,19 0.34459459459459457,0.546875,0.20270270270270271,0.46875,23 0.10810810810810811,0.4375,0.1891891891891892,0.5,21
F:\DeepLearning\keras-yolo3-master\data\capchars\images\160.png 0.06756756756756757,0.609375,0.10810810810810811,0.46875,28 0.8716216216216216,0.578125,0.14864864864864866,0.46875,26 0.36486486486486486,0.453125,0.24324324324324326,0.46875,9 0.6351351351351351,0.671875,0.21621621621621623,0.46875,6
F:\DeepLearning\keras-yolo3-master\data\capchars\images\161.png 0.0945945945945946,0.625,0.16216216216216217,0.5,1 0.34459459459459457,0.421875,0.20270270270270271,0.46875,4 0.6216216216216216,0.453125,0.21621621621621623,0.46875,12 0.8851351351351351,0.671875,0.20270270270270271,0.46875,17
F:\DeepLearning\keras-yolo3-master\data\capchars\images\162.png 0.10135135135135136,0.421875,0.17567567567567569,0.46875,21 0.35135135135135137,0.453125,0.21621621621621623,0.46875,22 0.6081081081081081,0.515625,0.1891891891891892,0.46875,1 0.8986486486486487,0.578125,0.20270270270270271,0.46875,23
F:\DeepLearning\keras-yolo3-master\data\capchars\images\163.png 0.14189189189189189,0.421875,0.25675675675675674,0.46875,20 0.3310810810810811,0.515625,0.14864864864864866,0.46875,27 0.5878378378378378,0.59375,0.14864864864864866,0.4375,8 0.8918918918918919,0.484375,0.21621621621621623,0.46875,18
F:\DeepLearning\keras-yolo3-master\data\capchars\images\164.png 0.14189189189189189,0.453125,0.25675675675675674,0.46875,20 0.35135135135135137,0.65625,0.21621621621621623,0.4375,19 0.6148648648648649,0.671875,0.20270270270270271,0.46875,4 0.8648648648648649,0.421875,0.16216216216216217,0.46875,28
